Testcase # 1
[w]:  {0, 0, 4, 3, 1}
[v]:  {0, 2, 6, 5, 2}
2 2 2 2 2 
2 2 2 2 8 
2 2 2 7 8 
2 4 4 7 9 

*************************
Testcase # 2
[w]:  {0, 2, 3, 1}
[v]:  {0, 5, 4, 7}
0 
0 
0 

*************************
Testcase # 3
[w]:  {0, 3, 1, 3, 3, 2}
[v]:  {0, 5, 9, 1, 9, 7}
0 0 0 5 5 5 5 5 5 5 
0 9 9 9 14 14 14 14 14 14 
0 9 9 9 14 14 14 15 15 15 
0 9 9 9 18 18 18 23 23 23 
0 9 9 16 18 18 25 25 25 30 

*************************
Testcase # 4
[w]:  {0, 5, 2, 3, 1, 3, 4}
[v]:  {0, 43, 45, 9, 41, 15, 38}
0 0 0 0 0 43 43 43 43 43 43 43 43 43 43 
0 0 45 45 45 45 45 88 88 88 88 88 88 88 88 
0 0 45 45 45 54 54 88 88 88 97 97 97 97 97 
0 41 45 86 86 86 95 95 129 129 129 138 138 138 138 
0 41 45 86 86 86 101 101 129 129 129 144 144 144 153 
0 41 45 86 86 86 101 124 129 129 139 144 167 167 167 

*************************
