3.5
17.5
37.5
40.75
42.25
23.5
23
0
43.25
30.25
16.25
45
32.5
29.5
34.5
39.25
42
35.5
43
33
38.25
52.5
45.5
37.25
41.75
48.25
24.5
49.25
50.25
37.25
30.5
39.75
40.5
43
36
52.75
37
41.25
47.25
35.5
51.75
38
35.5
53.25
46.5
46.25
40.5
19.5
22.5
40.75
47
40
41.5
55.5
45
31.75
47
40.75
32.25
51
60.75
51.75
50.5
43
43.25
53
38.75
44
18.25
49.5
21.25
47.75
31.25
15
36.5
38.75
44
41.5
42
43.75
36.25
0
18.5
31.25
41.75
46.75
49
40.5
28.75
30.75
44.25
37.5
49
44.75
56
40
29
41
32.25
40.75
53
59.75
52.75
40.25
46.25
40.5
34.75
42
40
45
20.75
47
47
39.25
39.5
39.5
57
55
36.25
36.25
52.5
41.75
48.75
49
44.5
37
50.5
44.75
48
54
38
55
48.5
47.75
32.5
57.5
45.75
37.25
37.75
28
40.75
37.75
53.25
32.5
39.75
45
27.25
0
44.25
47
40.5
44.75
58.75
55
34
37.5
37.25
55.25
39.75
48
50
28.5
39.25
54.25
52.5
49.75
40
14
53.25
44
28
51.5
2
39.75
52.75
52.5
37.25
27.25
44.25
41.25
42.5
32.75
51
45.25
43.5
37
49.25
32.25
43.5
53.25
51.5
32
55
50.5
40.5
23.5
38.25
32.75
43
50.25
45
40.75
50
26.75
18.75
43.25
37.5
39.25
37.5
52.75
37.5
52
43.25
51.5
34.75
43.5
37.25
39.75
38.75
36.5
47
61.5
16.75
45.5
27
43.5
26.5
45
40.25
39.5
41
50.5
42
44
14
26.5
36.75
50.25
41
51.25
38
51.75
47
43.75
55
48.25
49.5
36
58.75
28.75
37.25
25.25
48.75
36.5
44.25
37.75
50.5
36.25
32
42.25
37
41.75
31
47
39.75
55.5
37
53.75
51
47.75
53.25
38.25
49
30.75
41.25
37
24.75
46
48.75
35.75
33
46
33
53.5
54
40.75
41
55.25
38.5
60.25
27.5
